pulseheight,counts_ch_A,counts_ch_B
7.685717858929465,0,0
8.057153576788394,0,0
8.428589294647324,0,0
8.800025012506254,0,0
9.171460730365183,0,0
9.542896448224113,0,0
9.914332166083042,0,0
10.285767883941972,1,0
10.657203601800902,0,0
11.028639319659831,70,0
11.40007503751876,321,0
11.77151075537769,291,0
12.142946473236618,295,0
12.514382191095548,256,0
12.885817908954477,244,0
13.257253626813407,264,0
13.628689344672337,236,0
14.000125062531266,216,0
14.371560780390196,208,0
14.742996498249125,196,0
15.114432216108053,213,0
15.485867933966983,178,0
15.857303651825916,192,0
16.228739369684845,197,0
16.60017508754377,178,0
16.9716108054027,183,0
17.34304652326163,181,0
17.71448224112056,176,0
18.08591795897949,169,0
18.45735367683842,180,0
18.82878939469735,171,0
19.20022511255628,148,0
19.571660830415208,149,0
19.943096548274138,133,0
20.314532266133067,103,0
20.685967983991997,83,0
21.057403701850927,85,0
21.428839419709856,54,0
21.800275137568786,46,0
22.171710855427715,43,0
22.54314657328664,42,0
22.91458229114557,33,0
23.2860180090045,40,0
23.65745372686343,32,0
24.028889444722363,13,0
24.400325162581293,28,0
24.771760880440223,25,0
25.14319659829915,31,0
25.514632316158078,60,0
25.886068034017008,68,0
26.257503751875937,137,0
26.628939469734867,190,0
27.000375187593797,359,0
27.371810905452726,473,0
27.743246623311656,550,0
28.114682341170585,706,0
28.486118059029515,720,0
28.857553776888444,704,0
29.228989494747374,537,0
29.600425212606304,437,0
29.971860930465233,326,0
30.343296648324163,219,0
30.714732366183092,104,0
31.086168084042022,75,0
31.45760380190095,37,0
31.82903951975988,17,0
32.20047523761881,10,0
32.57191095547774,6,0
32.94334667333667,2,0
33.3147823911956,4,0
33.68621810905453,3,0
34.05765382691346,0,0
34.42908954477239,1,0
34.80052526263132,6,0
35.17196098049025,0,0
35.54339669834918,2,0
35.91483241620811,4,0
36.286268134067036,4,0
36.657703851925966,2,0
37.029139569784896,3,0
37.40057528764382,0,0
37.77201100550275,2,0
38.14344672336168,1,0
38.51488244122061,2,0
38.886318159079536,0,0
39.257753876938466,2,0
39.629189594797396,3,0
40.00062531265633,1,0
40.37206103051526,1,0
40.74349674837419,4,0
41.11493246623312,2,0
41.48636818409205,0,0
41.85780390195098,3,0
42.22923961980991,1,0
42.60067533766884,2,0
42.97211105552776,3,0
43.34354677338669,1,0
43.71498249124562,1,0
44.08641820910455,0,0
44.45785392696348,0,0
44.82928964482241,2,0
45.20072536268134,2,0
45.57216108054027,1,0
45.9435967983992,2,0
46.31503251625813,0,0
46.68646823411706,3,0
47.05790395197599,2,0
47.42933966983492,0,0
47.80077538769385,0,0
48.172211105552776,2,0
48.543646823411706,0,0
48.915082541270635,2,0
49.286518259129565,4,0
49.657953976988495,1,0
50.029389694847424,2,0
50.400825412706354,0,0
50.77226113056528,1,0
51.14369684842421,3,0
51.51513256628314,1,0
51.88656828414207,1,0
52.258004002001,3,0
52.62943971985993,1,0
53.00087543771886,1,0
53.37231115557779,0,0
53.74374687343672,2,0
54.11518259129565,2,0
54.48661830915458,0,0
54.85805402701351,0,0
55.22948974487244,1,0
55.60092546273137,1,0
55.9723611805903,0,0
56.34379689844923,0,0
56.71523261630816,0,0
57.086668334167086,0,0
57.458104052026016,0,0
57.829539769884946,1,0
58.200975487743875,1,0
58.572411205602805,1,0
58.943846923461734,0,0
59.315282641320664,1,0
59.686718359179594,0,0
60.05815407703852,2,0
60.42958979489745,2,0
60.80102551275638,0,0
61.17246123061531,3,0
61.54389694847424,1,0
61.91533266633317,1,0
62.2867683841921,1,0
62.65820410205103,1,0
63.02963981990996,4,0
63.40107553776889,1,0
63.77251125562782,1,0
64.14394697348675,0,0
64.51538269134568,1,0
64.88681840920461,0,0
65.25825412706354,1,0
65.62968984492247,0,0
66.0011255627814,0,0
66.37256128064033,0,0
66.74399699849926,1,0
67.11543271635819,0,0
67.4868684342171,1,0
67.85830415207603,0,0
68.22973986993496,0,0
68.60117558779389,1,0
68.97261130565282,1,0
69.34404702351175,0,0
69.71548274137068,0,0
70.08691845922961,1,0
70.45835417708854,0,0
70.82978989494747,0,0
71.2012256128064,0,0
71.57266133066534,0,0
71.94409704852427,0,0
72.3155327663832,0,0
72.68696848424213,0,0
73.05840420210106,1,0
73.42983991995999,1,0
73.80127563781892,0,0
74.17271135567785,0,0
74.54414707353678,0,0
74.9155827913957,0,0
75.28701850925464,1,0
75.65845422711357,1,0
76.0298899449725,1,0
76.40132566283143,0,0
76.77276138069035,0,0
77.14419709854928,0,0
77.51563281640821,0,0
77.88706853426714,0,0
78.25850425212607,0,0
78.629939969985,0,0
79.00137568784392,0,0
79.37281140570285,0,0
79.74424712356178,0,0
80.1156828414207,1,0
80.48711855927964,2,0
80.85855427713857,0,0
81.2299899949975,0,0
81.60142571285643,0,0
81.97286143071535,0,0
82.34429714857428,0,0
82.71573286643321,0,0
83.08716858429214,0,0
83.45860430215107,1,0
83.83004002001,0,0
84.20147573786893,0,0
84.57291145572786,0,0
84.94434717358679,0,0
85.31578289144572,0,0
85.68721860930465,0,0
86.05865432716358,0,0
86.43009004502251,0,0
86.80152576288144,1,0
87.17296148074037,0,0
87.5443971985993,0,0
87.91583291645823,1,0
88.28726863431716,0,0
88.65870435217609,0,0
89.03014007003502,1,0
89.40157578789395,0,0
89.77301150575288,0,0
90.1444472236118,0,0
90.51588294147074,0,0
90.88731865932967,1,0
91.2587543771886,1,0
91.63019009504752,1,0
92.00162581290645,1,0
92.37306153076538,1,0
92.74449724862431,0,0
93.11593296648324,0,0
93.48736868434217,0,0
93.8588044022011,0,0
94.23024012006003,0,0
94.60167583791896,0,0
94.97311155577789,0,0
95.34454727363682,0,0
95.71598299149575,0,0
96.08741870935468,0,0
96.45885442721361,0,0
96.83029014507254,0,0
97.20172586293147,1,0
97.5731615807904,0,0
97.94459729864933,0,0
98.31603301650826,1,0
98.68746873436719,1,0
99.05890445222612,0,0
99.43034017008505,0,0
99.80177588794398,0,0
100.1732116058029,0,0
100.54464732366183,0,0
100.91608304152076,0,0
101.2875187593797,0,0
101.65895447723862,0,0
102.03039019509755,0,0
102.40182591295648,0,0
102.77326163081541,0,0
103.14469734867434,0,0
103.51613306653327,0,0
103.8875687843922,0,0
104.25900450225113,0,0
104.63044022011006,0,0
105.00187593796899,1,0
105.37331165582792,0,0
105.74474737368685,0,0
106.11618309154578,0,0
106.48761880940471,0,0
106.85905452726364,0,0
107.23049024512257,0,0
107.6019259629815,0,0
107.97336168084043,0,0
108.34479739869936,0,0
108.71623311655829,0,0
109.08766883441722,0,0
109.45910455227614,0,0
109.83054027013507,0,0
110.201975987994,0,0
110.57341170585293,0,0
110.94484742371186,0,0
111.31628314157079,0,0
111.68771885942972,0,0
112.05915457728865,0,0
112.43059029514758,0,0
112.80202601300651,1,0
113.17346173086544,1,0
113.54489744872437,0,0
113.9163331665833,0,0
114.28776888444223,0,0
114.65920460230116,0,0
115.03064032016009,0,0
115.40207603801902,0,0
115.77351175587795,0,0
116.14494747373688,0,0
116.5163831915958,0,0
116.88781890945474,0,0
117.25925462731367,0,0
117.6306903451726,0,0
118.00212606303153,0,0
118.37356178089045,0,0
118.74499749874938,0,0
119.11643321660831,0,0
119.48786893446724,0,0
119.85930465232617,0,0
120.2307403701851,0,0
120.60217608804403,0,0
120.97361180590296,0,0
121.34504752376189,0,0
121.71648324162082,0,0
122.08791895947975,0,0
122.45935467733868,0,0
122.83079039519761,0,0
123.20222611305654,0,0
123.57366183091547,0,0
123.9450975487744,0,0
124.31653326663333,0,0
124.68796898449226,0,0
125.05940470235119,0,0
125.43084042021012,0,0
125.80227613806905,0,0
126.17371185592798,0,0
126.54514757378689,0,0
126.91658329164582,0,0
127.28801900950475,0,0
127.65945472736368,0,0
128.0308904452226,0,0
128.40232616308154,0,0
128.77376188094047,0,0
129.1451975987994,1,0
129.51663331665833,0,0
129.88806903451726,0,0
130.2595047523762,0,0
130.63094047023512,0,0
131.00237618809405,0,0
131.37381190595298,0,0
131.7452476238119,0,0
132.11668334167084,0,0
132.48811905952977,0,0
132.8595547773887,0,0
133.23099049524762,0,0
133.60242621310655,0,0
133.97386193096548,0,0
134.3452976488244,0,0
134.71673336668334,0,0
135.08816908454227,0,0
135.4596048024012,0,0
135.83104052026016,0,0
136.20247623811906,0,0
136.57391195597802,0,0
136.94534767383692,0,0
137.31678339169588,0,0
137.68821910955478,0,0
138.05965482741374,0,0
138.43109054527264,0,0
138.8025262631316,0,0
139.1739619809905,0,0
139.54539769884946,0,0
139.91683341670836,0,0
140.28826913456732,0,0
140.65970485242622,0,0
141.03114057028517,0,0
141.40257628814408,0,0
141.77401200600303,0,0
142.14544772386193,1,0
142.5168834417209,0,0
142.8883191595798,0,0
143.25975487743875,0,0
143.63119059529765,0,0
144.0026263131566,0,0
144.3740620310155,0,0
144.74549774887447,0,0
145.11693346673337,0,0
145.48836918459233,0,0
145.85980490245123,0,0
146.2312406203102,0,0
146.6026763381691,0,0
146.97411205602805,0,0
147.34554777388695,0,0
147.7169834917459,0,0
148.0884192096048,0,0
148.45985492746377,0,0
148.83129064532267,0,0
149.20272636318163,0,0
149.57416208104053,0,0
149.94559779889946,0,0
150.31703351675839,0,0
150.6884692346173,0,0
151.05990495247624,0,0
151.43134067033515,0,0
151.8027763881941,0,0
152.174212106053,0,0
152.54564782391196,0,0
152.91708354177086,0,0
153.28851925962982,0,0
153.65995497748872,1,0
154.03139069534768,0,0
154.40282641320658,0,0
154.77426213106554,0,0
155.14569784892444,0,0
155.5171335667834,0,0
155.8885692846423,0,0
156.26000500250126,0,0
156.63144072036016,0,0
157.00287643821912,0,0
157.37431215607802,0,0
157.74574787393698,0,0
158.11718359179588,0,0
158.48861930965484,0,0
158.86005502751374,0,0
159.2314907453727,0,0
159.6029264632316,0,0
159.97436218109056,0,0
160.34579789894946,0,0
160.71723361680841,0,0
161.08866933466732,0,0
161.46010505252627,0,0
161.83154077038517,0,0
162.20297648824413,0,0
162.57441220610303,0,0
162.945847923962,0,0
163.3172836418209,0,0
163.68871935967985,0,0
164.06015507753875,0,0
164.4315907953977,0,0
164.8030265132566,0,0
165.17446223111557,0,0
165.54589794897447,0,0
165.91733366683343,0,0
166.28876938469233,0,0
166.6602051025513,0,0
167.0316408204102,0,0
167.40307653826915,0,0
167.77451225612805,0,0
168.145947973987,0,0
168.5173836918459,0,0
168.88881940970487,0,0
169.26025512756377,0,0
169.63169084542272,0,0
170.00312656328163,0,0
170.37456228114058,0,0
170.74599799899948,0,0
171.11743371685844,0,0
171.48886943471734,0,0
171.8603051525763,0,0
172.2317408704352,0,0
172.60317658829416,0,0
172.97461230615306,0,0
173.34604802401202,0,0
173.71748374187092,0,0
174.08891945972988,0,0
174.46035517758878,0,0
174.83179089544774,0,0
175.20322661330664,0,0
175.5746623311656,0,0
175.9460980490245,0,0
176.31753376688346,0,0
176.68896948474236,0,0
177.06040520260132,0,0
177.43184092046022,0,0
177.80327663831918,0,0
178.17471235617808,0,0
178.54614807403703,0,0
178.91758379189594,0,0
179.2890195097549,0,0
179.6604552276138,0,0
180.03189094547275,0,0
180.40332666333165,0,0
180.7747623811906,0,0
181.1461980990495,0,0
181.51763381690847,0,0
181.88906953476737,0,0
182.26050525262633,0,0
182.63194097048523,0,0
183.0033766883442,0,0
183.3748124062031,0,0
183.74624812406205,0,0
184.11768384192095,0,0
184.4891195597799,0,0
184.8605552776388,0,0
185.23199099549777,0,0
185.60342671335667,0,0
185.97486243121563,0,0
186.34629814907453,0,0
186.7177338669335,0,0
187.0891695847924,0,0
187.46060530265135,0,0
187.83204102051025,0,0
188.2034767383692,0,0
188.5749124562281,0,0
188.94634817408706,0,0
189.31778389194596,0,0
189.68921960980492,0,0
190.06065532766382,0,0
190.43209104552278,0,0
190.80352676338168,0,0
191.17496248124064,0,0
191.54639819909954,0,0
191.9178339169585,0,0
192.2892696348174,0,0
192.66070535267636,0,0
193.03214107053526,0,0
193.40357678839422,0,0
193.77501250625312,0,0
194.14644822411208,0,0
194.51788394197098,0,0
194.88931965982994,0,0
195.26075537768884,0,0
195.6321910955478,0,0
196.0036268134067,0,0
196.37506253126566,0,0
196.74649824912456,0,0
197.11793396698351,0,0
197.48936968484242,0,0
197.86080540270137,0,0
198.23224112056027,0,0
198.60367683841923,0,0
198.97511255627813,0,0
199.3465482741371,0,0
199.717983991996,0,0
200.08941970985495,0,0
200.46085542771385,0,0
200.8322911455728,0,0
201.2037268634317,0,0
201.57516258129067,0,0
201.94659829914957,0,0
202.31803401700853,0,0
202.68946973486743,0,0
203.0609054527264,0,0
203.4323411705853,0,0
203.80377688844425,0,0
204.17521260630315,0,0
204.5466483241621,0,0
204.918084042021,0,0
205.28951975987997,0,0
205.66095547773887,0,0
206.03239119559782,0,0
206.40382691345673,0,0
206.77526263131568,1,0
207.14669834917459,0,0
207.51813406703354,0,0
207.88956978489244,0,0
208.2610055027514,0,0
208.6324412206103,0,0
209.00387693846926,0,0
209.37531265632816,0,0
209.74674837418712,0,0
210.11818409204602,0,0
210.48961980990498,0,0
210.86105552776388,0,0
211.23249124562284,0,0
211.60392696348174,0,0
211.9753626813407,0,0
212.3467983991996,0,0
212.71823411705856,0,0
213.08966983491746,0,0
213.46110555277642,0,0
213.83254127063532,0,0
214.20397698849428,0,0
214.57541270635318,0,0
214.94684842421213,0,0
215.31828414207104,0,0
215.68971985993,0,0
216.0611555777889,0,0
216.43259129564785,0,0
216.80402701350675,0,0
217.1754627313657,0,0
217.5468984492246,0,0
217.91833416708357,0,0
218.28976988494247,0,0
218.66120560280143,0,0
219.03264132066033,0,0
219.4040770385193,0,0
219.7755127563782,0,0
220.14694847423715,0,0
220.51838419209605,0,0
220.889819909955,0,0
221.2612556278139,0,0
221.63269134567287,0,0
222.00412706353177,0,0
222.37556278139073,0,0
222.74699849924963,0,0
223.1184342171086,0,0
223.4898699349675,0,0
223.86130565282645,0,0
224.23274137068535,0,0
224.6041770885443,0,0
224.9756128064032,0,0
225.34704852426216,0,0
225.71848424212106,0,0
226.08991995998002,0,0
226.46135567783892,0,0
226.83279139569788,0,0
227.20422711355678,0,0
227.57566283141574,0,0
227.94709854927464,0,0
228.3185342671336,0,0
228.6899699849925,0,0
229.06140570285146,0,0
229.43284142071036,0,0
229.80427713856932,0,0
230.17571285642822,0,0
230.54714857428718,0,0
230.91858429214608,0,0
231.29002001000504,0,0
231.66145572786394,0,0
232.0328914457229,0,0
232.4043271635818,0,0
232.77576288144076,0,0
233.14719859929966,0,0
233.51863431715861,0,0
233.89007003501752,0,0
234.26150575287647,0,0
234.63294147073537,0,0
235.00437718859433,0,0
235.37581290645323,0,0
235.7472486243122,0,0
236.1186843421711,0,0
236.49012006003005,0,0
236.86155577788895,0,0
237.2329914957479,0,0
237.6044272136068,0,0
237.97586293146577,0,0
238.34729864932467,0,0
238.71873436718363,0,0
239.09017008504253,0,0
239.4616058029015,0,0
239.8330415207604,0,0
240.20447723861935,0,0
240.57591295647825,0,0
240.9473486743372,0,0
241.3187843921961,0,0
241.69022011005507,0,0
242.06165582791397,0,0
242.43309154577292,0,0
242.80452726363183,0,0
243.17596298149078,0,0
243.54739869934969,0,0
243.91883441720864,0,0
244.29027013506754,0,0
244.6617058529265,0,0
245.0331415707854,0,0
245.40457728864433,0,0
245.77601300650326,0,0
246.14744872436216,0,0
246.51888444222112,0,0
246.89032016008002,0,0
247.26175587793898,0,0
247.63319159579788,0,0
248.00462731365684,0,0
248.37606303151574,0,0
248.7474987493747,0,0
249.1189344672336,0,0
249.49037018509256,0,0
249.86180590295146,0,0
250.23324162081042,0,0
250.60467733866932,1,0
250.97611305652828,0,0
251.34754877438718,0,0
251.71898449224614,0,0
252.09042021010504,0,0
252.461855927964,0,0
252.8332916458229,0,0
253.20472736368185,0,0
253.57616308154076,0,0
253.9475987993997,0,0
254.31903451725861,0,0
254.69047023511757,0,0
255.06190595297647,0,0
255.43334167083543,0,0
255.80477738869433,0,0
256.1762131065533,0,0
256.54764882441225,0,0
256.9190845422711,0,0
257.29052026013005,0,0
257.661955977989,0,0
258.03339169584797,0,0
258.4048274137068,0,0
258.77626313156577,0,0
259.1476988494247,0,0
259.5191345672837,0,0
259.89057028514253,0,0
260.2620060030015,0,0
260.63344172086045,0,0
261.0048774387194,0,0
261.37631315657825,0,0
261.7477488744372,0,0
262.11918459229616,0,0
262.4906203101551,0,0
262.86205602801397,0,0
263.2334917458729,0,0
263.6049274637319,0,0
263.97636318159084,0,0
264.34779889944974,0,0
264.71923461730864,0,0
265.0906703351676,0,0
265.46210605302656,0,0
265.83354177088546,0,0
266.20497748874436,0,0
266.5764132066033,0,0
266.9478489244623,0,0
267.3192846423212,0,0
267.6907203601801,0,0
268.06215607803904,0,0
268.433591795898,0,0
268.8050275137569,0,0
269.1764632316158,0,0
269.54789894947476,0,0
269.9193346673337,0,0
270.2907703851926,0,0
270.6622061030515,0,0
271.0336418209105,0,0
271.40507753876943,0,0
271.77651325662833,0,0
272.14794897448724,0,0
272.5193846923462,0,0
272.89082041020515,0,0
273.26225612806405,0,0
273.63369184592295,0,0
274.0051275637819,0,0
274.37656328164087,0,0
274.74799899949977,0,0
275.1194347173587,0,0
275.49087043521763,0,0
275.8623061530766,0,0
276.2337418709355,0,0
276.6051775887944,0,0
276.97661330665335,0,0
277.3480490245123,0,0
277.7194847423712,0,0
278.0909204602301,0,0
278.46235617808907,0,0
278.833791895948,0,0
279.2052276138069,0,0
279.5766633316658,0,0
279.9480990495248,0,0
280.31953476738374,0,0
280.69097048524264,0,0
281.06240620310155,0,0
281.4338419209605,0,0
281.80527763881946,0,0
282.17671335667836,0,0
282.54814907453726,0,0
282.9195847923962,0,0
283.2910205102552,0,0
283.6624562281141,0,0
284.033891945973,0,0
284.40532766383194,0,0
284.7767633816909,0,0
285.1481990995498,0,0
285.5196348174087,0,0
285.89107053526766,0,0
286.2625062531266,0,0
286.6339419709855,0,0
287.0053776888444,0,0
287.3768134067034,0,0
287.74824912456234,0,0
288.11968484242124,0,0
288.49112056028014,0,0
288.8625562781391,0,0
289.23399199599805,0,0
289.60542771385695,0,0
289.97686343171586,0,0
290.3482991495748,0,0
290.7197348674338,0,0
291.0911705852927,0,0
291.4626063031516,0,0
291.83404202101053,0,0
292.2054777388695,0,0
292.57691345672833,0,0
292.9483491745873,0,0
293.31978489244625,0,0
293.69122061030515,0,0
294.06265632816405,0,0
294.434092046023,0,0
294.80552776388197,0,0
295.17696348174087,0,0
295.54839919959977,0,0
295.91983491745873,0,0
296.2912706353177,0,0
296.6627063531766,0,0
297.0341420710355,0,0
297.40557778889445,0,0
297.7770135067534,0,0
298.1484492246123,0,0
298.5198849424712,0,0
298.89132066033017,0,0
299.2627563781891,0,0
299.634192096048,0,0
300.0056278139069,0,0
300.3770635317659,0,0
300.74849924962484,0,0
301.11993496748374,0,0
301.49137068534264,0,0
301.8628064032016,0,0
302.23424212106056,1,0
302.60567783891946,0,0
302.97711355677836,0,0
303.3485492746373,0,0
303.7199849924963,0,0
304.0914207103552,0,0
304.4628564282141,0,0
304.83429214607304,0,0
305.205727863932,0,0
305.5771635817909,0,0
305.9485992996498,0,0
306.32003501750876,0,0
306.6914707353677,0,0
307.0629064532266,0,0
307.4343421710855,0,0
307.8057778889445,0,0
308.17721360680343,0,0
308.54864932466234,0,0
308.92008504252124,0,0
309.2915207603802,0,0
309.66295647823915,0,0
310.03439219609805,0,0
310.40582791395695,0,0
310.7772636318159,0,0
311.14869934967487,0,0
311.5201350675338,0,0
311.8915707853927,0,0
312.26300650325163,0,0
312.6344422211106,1,0
313.0058779389695,0,0
313.3773136568284,0,0
313.74874937468735,0,0
314.1201850925463,0,0
314.4916208104052,0,0
314.8630565282641,0,0
315.23449224612307,0,0
315.605927963982,0,0
315.9773636818409,0,0
316.34879939969983,0,0
316.7202351175588,0,0
317.09167083541774,0,0
317.46310655327665,0,0
317.83454227113555,0,0
318.2059779889945,0,0
318.57741370685346,0,0
318.94884942471236,0,0
319.32028514257127,0,0
319.6917208604302,0,0
320.0631565782892,0,0
320.4345922961481,0,0
320.806028014007,0,0
321.17746373186594,0,0
321.5488994497249,0,0
321.9203351675838,0,0
322.2917708854427,0,0
322.66320660330166,0,0
323.0346423211606,0,0
323.4060780390195,0,0
323.7775137568784,0,0
324.1489494747374,0,0
324.52038519259634,0,0
324.89182091045524,0,0
325.26325662831414,1,0
325.6346923461731,0,0
326.00612806403205,0,0
326.37756378189096,1,0
326.74899949974986,0,0
327.1204352176088,0,0
327.4918709354678,0,0
327.8633066533267,0,0
328.2347423711856,0,0
328.60617808904453,0,0
328.9776138069035,0,0
329.3490495247624,0,0
329.7204852426213,0,0
330.09192096048025,0,0
330.4633566783392,0,0
330.8347923961981,0,0
331.206228114057,0,0
331.57766383191597,0,0
331.9490995497749,0,0
332.32053526763383,0,0
332.69197098549273,0,0
333.0634067033517,0,0
333.43484242121065,0,0
333.80627813906955,0,0
334.17771385692845,1,0
334.5491495747874,0,0
334.92058529264636,0,0
335.29202101050527,0,0
335.66345672836417,0,0
336.0348924462231,0,0
336.4063281640821,0,0
336.777763881941,0,0
337.1491995997999,0,0
337.52063531765884,0,0
337.8920710355178,0,0
338.2635067533767,0,0
338.6349424712356,0,0
339.00637818909456,0,0
339.3778139069535,0,0
339.7492496248124,0,0
340.1206853426713,0,0
340.4921210605303,0,0
340.86355677838924,0,0
341.23499249624814,0,0
341.60642821410704,0,0
341.977863931966,0,0
342.34929964982496,0,0
342.72073536768386,0,0
343.09217108554276,0,0
343.4636068034017,0,0
343.8350425212607,0,0
344.2064782391196,0,0
344.5779139569785,0,0
344.94934967483744,0,0
345.3207853926964,0,0
345.6922211105553,0,0
346.0636568284142,0,0
346.43509254627315,0,0
346.8065282641321,0,0
347.177963981991,0,0
347.5493996998499,0,0
347.9208354177089,0,0
348.29227113556783,0,0
348.66370685342673,0,0
349.03514257128563,0,0
349.4065782891446,0,0
349.77801400700355,0,0
350.14944972486245,0,0
350.52088544272135,0,0
350.8923211605803,0,0
351.26375687843927,0,0
351.63519259629817,0,0
352.00662831415707,0,0
352.378064032016,0,0
352.749499749875,0,0
353.1209354677339,0,0
353.4923711855928,0,0
353.86380690345175,0,0
354.2352426213107,0,0
354.6066783391696,0,0
354.9781140570285,0,0
355.34954977488746,0,0
355.7209854927464,0,0
356.0924212106053,0,0
356.4638569284642,0,0
356.8352926463232,0,0
357.20672836418214,0,0
357.57816408204104,0,0
357.94959979989994,0,0
358.3210355177589,0,0
358.69247123561786,0,0
359.06390695347676,0,0
359.43534267133566,0,0
359.8067783891946,0,0
360.1782141070536,0,0
360.5496498249125,0,0
360.9210855427714,0,0
361.29252126063034,0,0
361.6639569784893,0,0
362.0353926963482,0,0
362.4068284142071,0,0
362.77826413206606,0,0
363.149699849925,0,0
363.5211355677839,0,0
363.8925712856428,0,0
364.2640070035018,0,0
364.63544272136073,0,0
365.00687843921963,0,0
365.37831415707853,0,0
365.7497498749375,0,0
366.12118559279645,0,0
366.49262131065535,0,0
366.86405702851425,0,0
367.2354927463732,0,0
367.60692846423217,0,0
367.97836418209107,0,0
368.34979989994997,0,0
368.72123561780893,0,0
369.0926713356679,0,0
369.4641070535268,0,0
369.8355427713857,0,0
370.20697848924465,0,0
370.5784142071036,0,0
370.9498499249625,0,0
371.3212856428214,0,0
371.69272136068037,0,0
372.0641570785393,0,0
372.4355927963982,0,0
372.8070285142571,0,0
373.1784642321161,0,0
373.54989994997504,0,0
373.92133566783394,0,0
374.29277138569284,0,0
374.6642071035518,0,0
375.03564282141076,0,0
375.40707853926966,0,0
375.77851425712856,0,0
376.1499499749875,0,0
376.5213856928465,0,0
376.8928214107054,0,0
377.2642571285643,0,0
377.63569284642324,0,0
378.0071285642822,0,0
378.3785642821411,0,0
378.75,0,0
379.12143571785896,0,0
379.4928714357179,0,0
379.8643071535768,0,0
380.2357428714357,0,0
380.6071785892947,0,0
380.97861430715363,0,0
381.35005002501254,0,0
381.72148574287144,0,0
382.0929214607304,0,0
382.46435717858935,0,0
382.83579289644825,0,0
383.20722861430716,0,0
383.5786643321661,0,0
383.95010005002507,0,0
384.321535767884,0,0
384.6929714857429,0,0
385.06440720360183,0,0
385.4358429214608,0,0
385.8072786393197,0,0
386.1787143571786,0,0
386.55015007503755,0,0
386.9215857928965,0,0
387.2930215107554,0,0
387.6644572286143,0,0
388.03589294647327,0,0
388.40732866433217,0,0
388.77876438219107,0,0
389.15020010005003,0,0
389.521635817909,0,0
389.8930715357679,0,0
390.2645072536268,0,0
390.63594297148575,0,0
391.0073786893447,0,0
391.3788144072036,0,0
391.7502501250625,0,0
392.12168584292147,0,0
392.4931215607804,0,0
392.8645572786393,0,0
393.2359929964982,0,0
393.6074287143572,0,0
393.97886443221614,0,0
394.35030015007504,0,0
394.72173586793394,0,0
395.0931715857929,0,0
395.46460730365186,0,0
395.83604302151076,0,0
396.20747873936966,0,0
396.5789144572286,0,0
396.9503501750876,0,0
397.3217858929465,0,0
397.6932216108054,0,0
398.06465732866434,0,0
398.4360930465233,0,0
398.8075287643822,0,0
399.1789644822411,0,0
399.55040020010006,0,0
399.921835917959,0,0
400.2932716358179,0,0
400.6647073536768,0,0
401.0361430715358,0,0
401.40757878939473,0,0
401.77901450725363,0,0
402.15045022511254,0,0
402.5218859429715,0,0
402.89332166083045,0,0
403.26475737868935,0,0
403.63619309654825,0,0
404.0076288144072,0,0
404.37906453226617,0,0
404.75050025012507,0,0
405.121935967984,0,0
405.49337168584293,0,0
405.8648074037019,0,0
406.2362431215608,0,0
406.6076788394197,0,0
406.97911455727865,0,0
407.3505502751376,0,0
407.7219859929965,0,0
408.0934217108554,0,0
408.46485742871437,0,0
408.8362931465733,0,0
409.2077288644322,0,0
409.5791645822911,0,0
409.9506003001501,0,0
410.32203601800904,0,0
410.69347173586794,0,0
411.06490745372685,0,0
411.4363431715858,0,0
411.80777888944476,0,0
412.17921460730366,0,0
412.55065032516256,0,0
412.9220860430215,0,0
413.2935217608805,0,0
413.6649574787394,0,0
414.0363931965983,0,0
414.40782891445724,0,0
414.7792646323162,0,0
415.1507003501751,0,0
415.522136068034,0,0
415.89357178589296,0,0
416.2650075037519,0,0
416.6364432216108,0,0
417.0078789394697,0,0
417.3793146573287,0,0
417.75075037518764,0,0
418.12218609304654,0,0
418.49362181090544,0,0
418.8650575287644,0,0
419.23649324662335,0,0
419.60792896448226,0,0
419.97936468234116,0,0
420.3508004002001,0,0
420.7222361180591,0,0
421.093671835918,0,0
421.4651075537769,0,0
421.83654327163583,0,0
422.2079789894948,0,0
422.5794147073537,0,0
422.9508504252126,0,0
423.32228614307155,0,0
423.6937218609305,0,0
424.0651575787894,0,0
424.4365932966483,0,0
424.80802901450727,0,0
425.1794647323662,0,0
425.55090045022513,0,0
425.92233616808403,0,0
426.293771885943,0,0
426.66520760380195,0,0
427.03664332166085,0,0
427.40807903951975,0,0
427.7795147573787,0,0
428.15095047523766,0,0
428.52238619309657,0,0
428.89382191095547,0,0
429.2652576288144,0,0
429.6366933466734,0,0
430.0081290645323,0,0
430.3795647823912,0,0
430.75100050025014,0,0
431.1224362181091,0,0
431.493871935968,0,0
431.8653076538269,0,0
432.23674337168586,0,0
432.6081790895448,0,0
432.9796148074037,0,0
433.3510505252626,0,0
433.7224862431216,0,0
434.09392196098054,0,0
434.46535767883944,0,0
434.83679339669834,0,0
435.2082291145573,0,0
435.57966483241626,0,0
435.95110055027516,0,0
436.32253626813406,0,0
436.693971985993,0,0
437.065407703852,0,0
437.4368434217109,0,0
437.8082791395698,0,0
438.17971485742873,0,0
438.5511505752877,0,0
438.9225862931466,0,0
439.2940220110055,0,0
439.66545772886445,0,0
440.0368934467234,0,0
440.4083291645823,0,0
440.7797648824412,0,0
441.15120060030017,0,0
441.52263631815913,0,0
441.89407203601803,0,0
442.26550775387693,0,0
442.6369434717359,0,0
443.00837918959485,0,0
443.37981490745375,0,0
443.75125062531265,0,0
444.1226863431716,0,0
444.49412206103057,0,0
444.86555777888947,0,0
445.23699349674837,0,0
445.6084292146073,0,0
445.9798649324663,0,0
446.3513006503252,0,0
446.7227363681841,0,0
447.09417208604305,0,0
447.465607803902,0,0
447.8370435217609,0,0
448.2084792396198,0,0
448.57991495747876,0,0
448.9513506753377,0,0
449.3227863931966,0,0
449.6942221110555,0,0
450.0656578289145,0,0
450.43709354677344,0,0
450.80852926463234,0,0
451.17996498249124,0,0
451.5514007003502,0,0
451.92283641820916,0,0
452.29427213606806,0,0
452.66570785392696,0,0
453.0371435717859,0,0
453.4085792896449,0,0
453.7800150075038,0,0
454.1514507253627,0,0
454.52288644322164,0,0
454.8943221610806,0,0
455.2657578789395,0,0
455.6371935967984,0,0
456.00862931465736,0,0
456.3800650325163,0,0
456.7515007503752,0,0
457.1229364682341,0,0
457.4943721860931,0,0
457.86580790395203,0,0
458.23724362181093,0,0
458.60867933966983,0,0
458.9801150575288,0,0
459.35155077538775,0,0
459.72298649324665,0,0
460.09442221110555,0,0
460.4658579289645,0,0
460.83729364682347,0,0
461.20872936468237,0,0
461.58016508254127,0,0
461.95160080040023,0,0
462.3230365182592,0,0
462.6944722361181,0,0
463.065907953977,0,0
463.43734367183595,0,0
463.8087793896949,0,0
464.1802151075538,0,0
464.5516508254127,0,0
464.92308654327167,0,0
465.2945222611306,0,0
465.6659579789895,0,0
466.0373936968484,0,0
466.4088294147074,0,0
466.78026513256634,0,0
467.15170085042524,0,0
467.52313656828414,0,0
467.8945722861431,0,0
468.26600800400206,0,0
468.63744372186096,0,0
469.00887943971986,0,0
469.3803151575788,0,0
469.7517508754378,0,0
470.1231865932967,0,0
470.4946223111556,0,0
470.86605802901454,0,0
471.2374937468735,0,0
471.6089294647324,0,0
471.9803651825913,0,0
472.35180090045026,0,0
472.7232366183092,0,0
473.0946723361681,0,0
473.466108054027,0,0
473.837543771886,0,0
474.20897948974493,0,0
474.58041520760383,0,0
474.95185092546274,0,0
475.3232866433217,0,0
475.69472236118065,0,0
476.06615807903955,0,0
476.43759379689845,0,0
476.8090295147574,0,0
477.18046523261637,0,0
477.5519009504753,0,0
477.9233366683342,0,0
478.29477238619313,0,0
478.6662081040521,0,0
479.037643821911,0,0
479.4090795397699,0,0
479.78051525762885,0,0
480.1519509754878,0,0
480.5233866933467,0,0
480.8948224112056,0,0
481.26625812906457,0,0
481.6376938469235,0,0
482.0091295647824,0,0
482.3805652826413,0,0
482.7520010005003,0,0
483.12343671835924,0,0
483.4948724362181,0,0
483.86630815407705,0,0
484.237743871936,0,0
484.6091795897949,0,0
484.9806153076538,0,0
485.35205102551276,0,0
485.7234867433717,0,0
486.0949224612306,0,0
486.4663581790895,0,0
486.8377938969485,0,0
487.20922961480744,0,0
487.58066533266634,0,0
487.95210105052524,0,0
488.3235367683842,0,0
488.69497248624316,0,0
489.06640820410206,0,0
489.43784392196096,0,0
489.8092796398199,0,0
490.1807153576789,0,0
490.5521510755378,0,0
490.9235867933967,0,0
491.29502251125564,0,0
491.6664582291146,0,0
492.0378939469735,0,0
492.4093296648324,0,0
492.78076538269136,0,0
493.1522011005503,0,0
493.5236368184092,0,0
493.8950725362681,0,0
494.2665082541271,0,0
494.63794397198603,0,0
495.00937968984493,0,0
495.38081540770384,0,0
495.7522511255628,0,0
496.12368684342175,0,0
496.49512256128065,0,0
496.86655827913955,0,0
497.2379939969985,0,0
497.60942971485747,0,0
497.98086543271637,0,0
498.3523011505753,0,0
498.72373686843423,0,0
499.0951725862932,0,0
499.4666083041521,0,0
499.838044022011,0,0
500.20947973986995,0,0
500.5809154577289,0,0
500.9523511755878,0,0
501.3237868934467,0,0
501.69522261130567,0,0
502.0666583291646,0,0
502.4380940470235,0,0
502.8095297648824,0,0
503.1809654827414,0,0
503.55240120060034,0,0
503.92383691845924,0,0
504.29527263631815,0,0
504.6667083541771,0,0
505.03814407203606,0,0
505.40957978989496,0,0
505.78101550775386,0,0
506.1524512256128,0,0
506.5238869434718,0,0
506.8953226613307,0,0
507.2667583791896,0,0
507.63819409704854,0,0
508.0096298149075,0,0
508.3810655327664,0,0
508.7525012506253,0,0
509.12393696848426,0,0
509.4953726863432,0,0
509.8668084042021,0,0
510.238244122061,0,0
510.60967983992,0,0
510.98111555777893,0,0
511.35255127563784,0,0
511.72398699349674,0,0
512.0954227113557,0,0
512.4668584292147,0,0
512.8382941470735,0,0
513.2097298649325,0,0
513.5811655827914,0,0
513.9526013006504,0,0
514.3240370185093,0,0
514.6954727363682,0,0
515.0669084542271,0,0
515.4383441720861,0,0
515.8097798899449,0,0
516.1812156078039,0,0
516.5526513256629,0,0
516.9240870435218,0,0
517.2955227613808,0,0
517.6669584792396,0,0
518.0383941970986,0,0
518.4098299149575,0,0
518.7812656328164,0,0
519.1527013506753,0,0
519.5241370685343,0,0
519.8955727863932,0,0
520.2670085042521,0,0
520.638444222111,0,0
521.00987993997,0,0
521.381315657829,0,0
521.7527513756879,0,0
522.1241870935468,0,0
522.4956228114057,0,0
522.8670585292647,0,0
523.2384942471235,0,0
523.6099299649825,0,0
523.9813656828414,0,0
524.3528014007004,0,0
524.7242371185594,0,0
525.0956728364182,0,0
525.4671085542772,0,0
525.8385442721361,0,0
526.209979989995,0,0
526.5814157078539,0,0
526.9528514257129,0,0
527.3242871435718,0,0
527.6957228614308,0,0
528.0671585792896,0,0
528.4385942971486,0,0
528.8100300150076,0,0
529.1814657328664,0,0
529.5529014507254,0,0
529.9243371685843,0,0
530.2957728864433,0,0
530.6672086043022,0,0
531.0386443221611,0,0
531.41008004002,0,0
531.781515757879,0,0
532.1529514757378,0,0
532.5243871935968,0,0
532.8958229114558,0,0
533.2672586293147,0,0
533.6386943471737,0,0
534.0101300650325,0,0
534.3815657828915,0,0
534.7530015007504,0,0
535.1244372186093,0,0
535.4958729364682,0,0
535.8673086543272,0,0
536.2387443721861,0,0
536.6101800900451,0,0
536.981615807904,0,0
537.3530515257629,0,0
537.7244872436219,0,0
538.0959229614807,0,0
538.4673586793397,0,0
538.8387943971986,0,0
539.2102301150576,0,0
539.5816658329165,0,0
539.9531015507754,0,0
540.3245372686343,0,0
540.6959729864933,0,0
541.0674087043521,0,0
541.4388444222111,0,0
541.8102801400701,0,0
542.181715857929,0,0
542.553151575788,0,0
542.9245872936468,0,0
543.2960230115058,0,0
543.6674587293647,0,0
544.0388944472236,0,0
544.4103301650825,0,0
544.7817658829415,0,0
545.1532016008005,0,0
545.5246373186594,0,0
545.8960730365183,0,0
546.2675087543772,0,0
546.6389444722362,0,0
547.010380190095,0,0
547.381815907954,0,0
547.7532516258129,0,0
548.1246873436719,0,0
548.4961230615309,0,0
548.8675587793897,0,0
549.2389944972487,0,0
549.6104302151076,0,0
549.9818659329665,0,0
550.3533016508254,0,0
550.7247373686844,0,0
551.0961730865433,0,0
551.4676088044023,0,0
551.8390445222611,0,0
552.2104802401201,0,0
552.581915957979,0,0
552.9533516758379,0,0
553.3247873936969,0,0
553.6962231115558,0,0
554.0676588294148,0,0
554.4390945472737,0,0
554.8105302651326,0,0
555.1819659829915,0,0
555.5534017008505,0,0
555.9248374187093,0,0
556.2962731365683,0,0
556.6677088544272,0,0
557.0391445722862,0,0
557.4105802901452,0,0
557.782016008004,0,0
558.153451725863,0,0
558.5248874437219,0,0
558.8963231615808,0,0
559.2677588794397,0,0
559.6391945972987,0,0
560.0106303151576,0,0
560.3820660330166,0,0
560.7535017508754,0,0
561.1249374687344,0,0
561.4963731865934,0,0
561.8678089044522,0,0
562.2392446223112,0,0
562.6106803401701,0,0
562.9821160580291,0,0
563.353551775888,0,0
563.7249874937469,0,0
564.0964232116058,0,0
564.4678589294648,0,0
564.8392946473236,0,0
565.2107303651826,0,0
565.5821660830416,0,0
565.9536018009005,0,0
566.3250375187595,0,0
566.6964732366183,0,0
567.0679089544773,0,0
567.4393446723362,0,0
567.8107803901951,0,0
568.182216108054,0,0
568.553651825913,0,0
568.925087543772,0,0
569.2965232616309,0,0
569.6679589794898,0,0
570.0393946973487,0,0
570.4108304152077,0,0
570.7822661330665,0,0
571.1537018509255,0,0
571.5251375687844,0,0
571.8965732866434,0,0
572.2680090045023,0,0
572.6394447223612,0,0
573.0108804402201,0,0
573.3823161580791,0,0
573.753751875938,0,0
574.1251875937969,0,0
574.4966233116559,0,0
574.8680590295148,0,0
575.2394947473738,0,0
575.6109304652326,0,0
575.9823661830916,0,0
576.3538019009505,0,0
576.7252376188094,0,0
577.0966733366683,0,0
577.4681090545273,0,0
577.8395447723863,0,0
578.2109804902451,0,0
578.5824162081041,0,0
578.953851925963,0,0
579.3252876438219,0,0
579.6967233616808,0,0
580.0681590795398,0,0
580.4395947973987,0,0
580.8110305152577,0,0
581.1824662331165,0,0
581.5539019509755,0,0
581.9253376688345,0,0
582.2967733866933,0,0
582.6682091045523,0,0
583.0396448224112,0,0
583.4110805402702,0,0
583.7825162581291,0,0
584.153951975988,0,0
584.5253876938469,0,0
584.8968234117059,0,0
585.2682591295647,0,0
585.6396948474237,0,0
586.0111305652827,0,0
586.3825662831416,0,0
586.7540020010006,0,0
587.1254377188594,0,0
587.4968734367184,0,0
587.8683091545773,0,0
588.2397448724362,0,0
588.6111805902951,0,0
588.9826163081541,0,0
589.354052026013,0,0
589.725487743872,0,0
590.0969234617309,0,0
590.4683591795898,0,0
590.8397948974488,0,0
591.2112306153076,0,0
591.5826663331666,0,0
591.9541020510255,0,0
592.3255377688845,0,0
592.6969734867434,0,0
593.0684092046023,0,0
593.4398449224612,0,0
593.8112806403202,0,0
594.182716358179,0,0
594.554152076038,0,0
594.925587793897,0,0
595.2970235117559,0,0
595.6684592296149,0,0
596.0398949474737,0,0
596.4113306653327,0,0
596.7827663831916,0,0
597.1542021010505,0,0
597.5256378189094,0,0
597.8970735367684,0,0
598.2685092546274,0,0
598.6399449724863,0,0
599.0113806903452,0,0
599.3828164082041,0,0
599.7542521260631,0,0
600.1256878439219,0,0
600.4971235617809,0,0
600.8685592796398,0,0
601.2399949974988,0,0
601.6114307153578,0,0
601.9828664332166,0,0
602.3543021510756,0,0
602.7257378689345,0,0
603.0971735867934,0,0
603.4686093046523,0,0
603.8400450225113,0,0
604.2114807403702,0,0
604.5829164582292,0,0
604.954352176088,0,0
605.325787893947,0,0
605.697223611806,0,0
606.0686593296648,0,0
606.4400950475238,0,0
606.8115307653827,0,0
607.1829664832417,0,0
607.5544022011006,0,0
607.9258379189595,0,0
608.2972736368184,0,0
608.6687093546774,0,0
609.0401450725362,0,0
609.4115807903952,0,0
609.7830165082541,0,0
610.1544522261131,0,0
610.5258879439721,0,0
610.8973236618309,0,0
611.2687593796899,0,0
611.6401950975488,0,0
612.0116308154077,0,0
612.3830665332666,0,0
612.7545022511256,0,0
613.1259379689845,0,0
613.4973736868435,0,0
613.8688094047023,0,0
614.2402451225613,0,0
614.6116808404203,0,0
614.9831165582791,0,0
615.3545522761381,0,0
615.725987993997,0,0
616.097423711856,0,0
616.4688594297149,0,0
616.8402951475738,0,0
617.2117308654327,0,0
617.5831665832917,0,0
617.9546023011505,0,0
618.3260380190095,0,0
618.6974737368685,0,0
619.0689094547274,0,0
619.4403451725864,0,0
619.8117808904452,0,0
620.1832166083042,0,0
620.5546523261631,0,0
620.926088044022,0,0
621.2975237618809,0,0
621.6689594797399,0,0
622.0403951975989,0,0
622.4118309154578,0,0
622.7832666333167,0,0
623.1547023511756,0,0
623.5261380690346,0,0
623.8975737868934,0,0
624.2690095047524,0,0
624.6404452226113,0,0
625.0118809404703,0,0
625.3833166583292,0,0
625.7547523761881,0,0
626.126188094047,0,0
626.497623811906,0,0
626.8690595297649,0,0
627.2404952476238,0,0
627.6119309654828,0,0
627.9833666833417,0,0
628.3548024012007,0,0
628.7262381190595,0,0
629.0976738369185,0,0
629.4691095547774,0,0
629.8405452726363,0,0
630.2119809904952,0,0
630.5834167083542,0,0
630.9548524262132,0,0
631.3262881440721,0,0
631.697723861931,0,0
632.0691595797899,0,0
632.4405952976489,0,0
632.8120310155077,0,0
633.1834667333667,0,0
633.5549024512256,0,0
633.9263381690846,0,0
634.2977738869436,0,0
634.6692096048024,0,0
635.0406453226614,0,0
635.4120810405203,0,0
635.7835167583792,0,0
636.1549524762381,0,0
636.5263881940971,0,0
636.897823911956,0,0
637.269259629815,0,0
637.6406953476738,0,0
638.0121310655328,0,0
638.3835667833918,0,0
638.7550025012506,0,0
639.1264382191096,0,0
639.4978739369685,0,0
639.8693096548275,0,0
640.2407453726864,0,0
640.6121810905453,0,0
640.9836168084042,0,0
641.3550525262632,0,0
641.726488244122,0,0
642.097923961981,0,0
642.46935967984,0,0
642.8407953976989,0,0
643.2122311155579,0,0
643.5836668334167,0,0
643.9551025512757,0,0
644.3265382691346,0,0
644.6979739869935,0,0
645.0694097048524,0,0
645.4408454227114,0,0
645.8122811405703,0,0
646.1837168584293,0,0
646.5551525762882,0,0
646.9265882941471,0,0
647.2980240120061,0,0
647.6694597298649,0,0
648.0408954477239,0,0
648.4123311655828,0,0
648.7837668834418,0,0
649.1552026013007,0,0
649.5266383191596,0,0
649.8980740370185,0,0
650.2695097548775,0,0
650.6409454727363,0,0
651.0123811905953,0,0
651.3838169084543,0,0
651.7552526263132,0,0
652.1266883441722,0,0
652.498124062031,0,0
652.86955977989,0,0
653.2409954977489,0,0
653.6124312156078,0,0
653.9838669334667,0,0
654.3553026513257,0,0
654.7267383691847,0,0
655.0981740870436,0,0
655.4696098049025,0,0
655.8410455227614,0,0
656.2124812406204,0,0
656.5839169584792,0,0
656.9553526763382,0,0
657.3267883941971,0,0
657.6982241120561,0,0
658.069659829915,0,0
658.4410955477739,0,0
658.8125312656329,0,0
659.1839669834918,0,0
659.5554027013507,0,0
659.9268384192096,0,0
660.2982741370686,0,0
660.6697098549275,0,0
661.0411455727865,0,0
661.4125812906453,0,0
661.7840170085043,0,0
662.1554527263633,0,0
662.5268884442221,0,0
662.898324162081,0,0
663.26975987994,0,0
663.641195597799,0,0
664.0126313156579,0,0
664.3840670335168,0,0
664.7555027513757,0,0
665.1269384692347,0,0
665.4983741870935,0,0
665.8698099049525,0,0
666.2412456228114,0,0
666.6126813406704,0,0
666.9841170585294,0,0
667.3555527763882,0,0
667.7269884942472,0,0
668.0984242121061,0,0
668.469859929965,0,0
668.8412956478239,0,0
669.2127313656829,0,0
669.5841670835418,0,0
669.9556028014008,0,0
670.3270385192596,0,0
670.6984742371186,0,0
671.0699099549776,0,0
671.4413456728364,0,0
671.8127813906954,0,0
672.1842171085543,0,0
672.5556528264133,0,0
672.9270885442722,0,0
673.2985242621311,0,0
673.66995997999,0,0
674.0413956978489,0,0
674.4128314157078,0,0
674.7842671335668,0,0
675.1557028514258,0,0
675.5271385692847,0,0
675.8985742871436,0,0
676.2700100050025,0,0
676.6414457228615,0,0
677.0128814407203,0,0
677.3843171585793,0,0
677.7557528764382,0,0
678.1271885942972,0,0
678.4986243121562,0,0
678.870060030015,0,0
679.241495747874,0,0
679.6129314657329,0,0
679.9843671835918,0,0
680.3558029014507,0,0
680.7272386193097,0,0
681.0986743371686,0,0
681.4701100550276,0,0
681.8415457728864,0,0
682.2129814907454,0,0
682.5844172086043,0,0
682.9558529264632,0,0
683.3272886443222,0,0
683.6987243621811,0,0
684.0701600800401,0,0
684.441595797899,0,0
684.8130315157579,0,0
685.1844672336168,0,0
685.5559029514758,0,0
685.9273386693346,0,0
686.2987743871936,0,0
686.6702101050525,0,0
687.0416458229115,0,0
687.4130815407705,0,0
687.7845172586293,0,0
688.1559529764883,0,0
688.5273886943472,0,0
688.8988244122061,0,0
689.270260130065,0,0
689.641695847924,0,0
690.0131315657829,0,0
690.3845672836419,0,0
690.7560030015007,0,0
691.1274387193597,0,0
691.4988744372187,0,0
691.8703101550775,0,0
692.2417458729365,0,0
692.6131815907954,0,0
692.9846173086544,0,0
693.3560530265133,0,0
693.7274887443722,0,0
694.0989244622311,0,0
694.4703601800901,0,0
694.8417958979489,0,0
695.2132316158079,0,0
695.5846673336669,0,0
695.9561030515258,0,0
696.3275387693848,0,0
696.6989744872436,0,0
697.0704102051026,0,0
697.4418459229615,0,0
697.8132816408204,0,0
698.1847173586793,0,0
698.5561530765383,0,0
698.9275887943973,0,0
699.2990245122562,0,0
699.670460230115,0,0
700.041895947974,0,0
700.413331665833,0,0
700.7847673836918,0,0
701.1562031015508,0,0
701.5276388194097,0,0
701.8990745372687,0,0
702.2705102551276,0,0
702.6419459729865,0,0
703.0133816908454,0,0
703.3848174087044,0,0
703.7562531265633,0,0
704.1276888444222,0,0
704.4991245622812,0,0
704.8705602801401,0,0
705.2419959979991,0,0
705.6134317158579,0,0
705.9848674337169,0,0
706.3563031515758,0,0
706.7277388694347,0,0
707.0991745872936,0,0
707.4706103051526,0,0
707.8420460230116,0,0
708.2134817408705,0,0
708.5849174587294,0,0
708.9563531765883,0,0
709.3277888944473,0,0
709.6992246123061,0,0
710.0706603301651,0,0
710.442096048024,0,0
710.813531765883,0,0
711.184967483742,0,0
711.5564032016008,0,0
711.9278389194598,0,0
712.2992746373187,0,0
712.6707103551776,0,0
713.0421460730365,0,0
713.4135817908955,0,0
713.7850175087544,0,0
714.1564532266134,0,0
714.5278889444722,0,0
714.8993246623312,0,0
715.2707603801902,0,0
715.642196098049,0,0
716.013631815908,0,0
716.3850675337669,0,0
716.7565032516259,0,0
717.1279389694848,0,0
717.4993746873437,0,0
717.8708104052026,0,0
718.2422461230616,0,0
718.6136818409204,0,0
718.9851175587794,0,0
719.3565532766384,0,0
719.7279889944973,0,0
720.0994247123563,0,0
720.4708604302151,0,0
720.8422961480741,0,0
721.213731865933,0,0
721.5851675837919,0,0
721.9566033016508,0,0
722.3280390195098,0,0
722.6994747373687,0,0
723.0709104552277,0,0
723.4423461730865,0,0
723.8137818909455,0,0
724.1852176088045,0,0
724.5566533266633,0,0
724.9280890445223,0,0
725.2995247623812,0,0
725.6709604802402,0,0
726.0423961980991,0,0
726.413831915958,0,0
726.7852676338169,0,0
727.1567033516759,0,0
727.5281390695347,0,0
727.8995747873937,0,0
728.2710105052527,0,0
728.6424462231116,0,0
729.0138819409706,0,0
729.3853176588294,0,0
729.7567533766884,0,0
730.1281890945473,0,0
730.4996248124062,0,0
730.8710605302651,0,0
731.2424962481241,0,0
731.613931965983,0,0
731.985367683842,0,0
732.3568034017009,0,0
732.7282391195598,0,0
733.0996748374188,0,0
733.4711105552776,0,0
733.8425462731366,0,0
734.2139819909955,0,0
734.5854177088545,0,0
734.9568534267135,0,0
735.3282891445723,0,0
735.6997248624313,0,0
736.0711605802902,0,0
736.442596298149,0,0
736.814032016008,0,0
737.185467733867,0,0
737.5569034517259,0,0
737.9283391695849,0,0
738.2997748874437,0,0
738.6712106053027,0,0
739.0426463231616,0,0
739.4140820410205,0,0
739.7855177588795,0,0
740.1569534767384,0,0
740.5283891945974,0,0
740.8998249124563,0,0
741.2712606303152,0,0
741.6426963481741,0,0
742.0141320660331,0,0
742.3855677838919,0,0
742.7570035017509,0,0
743.1284392196098,0,0
743.4998749374688,0,0
743.8713106553278,0,0
744.2427463731866,0,0
744.6141820910456,0,0
744.9856178089045,0,0
745.3570535267634,0,0
745.7284892446223,0,0
746.0999249624813,0,0
746.4713606803402,0,0
746.8427963981992,0,0
747.214232116058,0,0
747.585667833917,0,0
747.957103551776,0,0
748.3285392696348,0,0
748.6999749874938,0,0
749.0714107053527,0,0
749.4428464232117,0,0
749.8142821410706,0,0
